Best Model Selected: logreg
Model Version: v1.3.0-model-comparison
train_accuracy: 0.8519912198181248
test_accuracy: 0.8536050156739812
accuracy_gap: -0.0016137958558564147
precision: 0.6950294860994103
recall: 0.8870967741935484
f1_score: 0.7794048181388757
roc_auc: 0.9462679607955087
confusion_matrix: [[1898, 362], [105, 825]]
cv_roc_auc: 0.9373812569019935
cv_f1: 0.7721525653468595
is_overfitted: No
